0.0001938343048095703 0.019336
0.10105061531066895 0.186914
0.6012012958526611 0.342407
1.1013836860656738 0.480176
1.601322889328003 0.620361
2.101626396179199 0.751685
2.6018624305725098 0.877368
3.1028335094451904 0.995801
3.6019935607910156 1.108594
4.101835250854492 1.214941
4.6021130084991455 1.310815
5.102054595947266 1.407495
5.602182149887085 1.498535
6.10329532623291 1.587158
6.602926969528198 1.670947
7.102674245834351 1.749097
7.603008508682251 1.824023
8.103747606277466 1.894922
8.603943347930908 1.960181
9.103644371032715 2.027051
9.603699684143066 2.081836
10.103699445724487 2.139844
10.604447841644287 2.195435
11.104881763458252 2.247803
11.604136943817139 2.297754
12.104580640792847 2.345288
12.604483366012573 2.392017
13.104766130447388 2.433911
13.604725122451782 2.475806
14.104958534240723 2.513672
14.604897499084473 2.549927
15.105500221252441 2.590210
15.605218648910522 2.620825
16.105481147766113 2.653857
16.605649948120117 2.684473
17.10604739189148 2.713476
17.605839014053345 2.741675
18.106510400772095 2.767456
18.606263875961304 2.793237
19.106333017349243 2.819019
19.60663366317749 2.840771
20.106507062911987 2.693335
20.606759786605835 2.561206
21.106388092041016 2.436328
21.606937408447266 2.312256
22.107106685638428 2.199463
22.60738515853882 2.090698
23.107017755508423 1.996436
23.607226133346558 1.901367
24.10735321044922 1.807104
24.607916593551636 1.719287
25.108088970184326 1.634692
25.60823130607605 1.554932
26.107893228530884 1.480005
26.60854434967041 1.409106
27.108278512954712 1.342236
27.608571529388428 1.276978
28.108431577682495 1.222998
28.609246015548706 1.164990
29.108609437942505 1.111816
29.609055280685425 1.057837
30.109126806259155 1.007080
30.609350442886353 0.958740
31.109774589538574 0.915234
31.617587566375732 0.871728
32.109562397003174 0.831445
32.61001181602478 0.791162
33.1096830368042 0.751685
33.61040234565735 0.719458
34.11065411567688 0.686426
34.610007762908936 0.654199
35.11053252220154 0.622778
35.610779762268066 0.595386
36.10997676849365 0.567993
36.61040639877319 0.541406
37.11101579666138 0.518848
37.610995054244995 0.495483
38.111913204193115 0.469702
38.61094117164612 0.614722
39.11812925338745 0.750073
39.6116201877594 0.876562
40.11136269569397 0.995801
40.61186957359314 1.111816
41.11181306838989 1.222192
41.611605405807495 1.317261
42.1122567653656 1.414746
42.612159967422485 1.508203
43.112364292144775 1.596020
43.61277389526367 1.680615
44.11241269111633 1.761182
44.61253619194031 1.840137
45.11311101913452 1.907812
45.61319065093994 1.978711
46.11351776123047 2.040747
46.61331820487976 2.094727
47.11319875717163 2.152734
47.61304187774658 2.208325
48.11368727684021 2.262305
48.61635422706604 2.311450
49.11410045623779 2.359790
49.61437654495239 2.405713
50.113619565963745 2.447607
50.61493945121765 2.486279
51.115055322647095 2.528980
51.615426540374756 2.566040
52.11503267288208 2.601489
52.61459255218506 2.636133
53.114688873291016 2.666748
53.61534667015076 2.696558
54.116374015808105 2.726367
54.61533260345459 2.754565
55.11579513549805 2.779541
55.61566758155823 2.805322
56.1166045665741 2.831909
56.61581778526306 2.686084
57.1161425113678 2.552344
57.61577081680298 2.425049
58.115699768066406 2.305810
58.616631746292114 2.193017
59.116573333740234 2.086670
59.61673355102539 1.993213
